510
1.98841e+30 580154.551461271 329622.1862854981 -17559.03853931009 -0.004660062705101713 0.01090339845300585 -3.744250692260323e-06
3.3020000000000006e+23 -41166009.79205756 -53516826.24043204 -585607.5986917391 28.6283415047575 -27.55942891890303 -4.880110749662084
4.868500000000001e+24 -4186768.067853288 107848157.5946597 1728572.796773881 -35.11074968670728 -1.727427667265746 2.002477907363899
7.349e+22 -25694722.42894872 144712646.6866087 -49802.70806261152 -28.8068489272672 -5.026113829352515 0.02348327700079067
5.97219e+24 -25831769.3484441 145046806.2705728 -19091.79646534473 -29.80629271287394 -5.453023319793298 -0.0002153137188989351
6.4171e+23 61663524.01981542 221087287.6590361 3107396.631294131 -22.43911387627508 8.533228023213258 0.7296941371840817
1.89819e+27 -670044416.9049555 -460406863.7647979 16901824.98626789 7.235732006566169 -10.15284938704943 -0.1199056500237936
5.6834e+26 -815279417.350622 1091352084.327112 13455224.90245354 -8.25528008527807 -5.804465718627576 0.4297734999423584
8.6813e+25 2822425663.721131 -1026488495.364313 -40381775.88105232 2.277815113141856 6.082588187027468 -0.006759988188723032
1.02409e+26 3288674345.367211 -3066902942.820483 -12633766.81408858 3.671015872152216 4.006050362344558 -0.1676479444235774
53604672.56318735 132383446.8943573 396457468.627876 9482995.623516023 -16.06418885055029 3.503621673381291 0.6113797136803356
53803915.536792964 271064828.0557047 247299136.7186545 -14737565.39554267 -11.46315653398796 16.01259318869896 -1.479994466280886
53931859.78060779 239360960.9462092 315614380.9709734 -29750588.82170986 -13.17655151373151 11.42420114364924 1.594699031884819
53817002.83778292 307162676.0740297 228104110.1166015 20437662.26675363 -11.48228636931779 15.60144721393106 0.8055263330902962
53724707.560532786 -434432649.882369 -241423121.5231238 69876964.53949258 4.251795170939653 -11.48079443256831 2.036226092051114
53872606.135623865 87452743.62744342 -274467416.5548022 -215881.9141679108 22.44659089925561 4.161556758877881 -0.8824103710529201
53889288.94652009 -423137375.6506402 50567259.40368219 14447750.130419 -4.047189839358572 -16.26191967259551 -0.6678988152033138
53635453.33418057 -321996308.2796799 -209143835.4738847 -59149382.0575187 12.62205957988553 -15.52260509962798 -0.03600309254590428
53626339.37408943 -305991882.6033002 -23952913.27728068 119393981.0063602 0.2161342120672981 -17.81020424254873 -3.06881510801581
53484941.437018566 97621296.65595025 -461989595.0557964 77184245.10694091 15.80857769219623 2.848801310136414 -1.130969601856075
53899783.40449179 410949501.3533732 -111946564.8432745 94041123.86661968 6.253757861235965 16.7548471966522 3.261448300031255
53536780.19467678 -424208415.715017 297420239.240446 -78937061.39576328 -9.103781737317965 -11.41937219694611 -0.1590209837518932
53371480.49672704 34879029.49896368 -249493194.2493622 -28799437.1207203 24.91277523376901 4.910877540175603 3.281182841522452
53610654.74634346 -1871543.372557396 314512432.5260255 38622350.15295908 -21.1916957698252 1.363375785153996 0.2364859512350234
53285554.02062742 -310104965.9639924 -184480750.1280966 16257754.93175279 8.3951277389495 -16.12225164529578 1.287336388511356
53872510.09494135 -57088217.19017237 -463558465.2474968 -75942262.1190036 15.93974216044939 -0.8942334039293327 -3.5633255937332
53898614.18158395 -199431880.323214 455234584.028064 83458765.33946839 -14.20874617822605 -6.622391802179408 0.8890113828391217
53486459.05517371 -442461748.8921233 -258112374.2651165 52249706.32209622 7.878244702212736 -11.03386069654492 0.686100369811578
53813201.33861945 73686596.66904634 -377601206.9177668 2462073.74371323 19.15696562390108 5.263693203893801 -0.343721932713041
54011455.80138751 151924203.9246337 -292102162.3106391 -811065.5445735902 15.44336725811847 13.96327920256375 2.215558260571171
53702748.02891488 -401035777.3954276 92096090.58264627 1315541.014952064 -5.759049773109521 -15.547535078581 -0.2438861274170554
53628622.90329907 379946950.1983798 13064514.29626803 -13512899.80393412 0.07954014491313982 18.65194471197852 -0.574427601789508
53739605.87169856 27284890.40971554 -379189789.7409174 84391010.37443148 17.48216686614236 0.2128381593759614 -6.490675335763449
53472371.73817496 -446653819.6313235 -95951489.1921417 59477703.79535453 6.33612142436832 -13.13141380689028 -0.179672019093859
53408259.14774382 420894988.6659654 -100108229.377926 24035553.1199601 3.87936111471304 16.67265961703745 -1.739645144430427
53794110.039667785 289286352.2630686 -394666690.6944216 -238743.8056543469 12.79062794454985 9.518656174492808 2.2728653281268
53780397.92898831 33069036.01003687 -339840950.1750443 -38854527.34092128 20.74991915043413 3.77741067546459 6.095778620105778
53382239.71323373 -424407418.5625051 259830858.5570377 -61772188.60803286 -1.535126130764213 -14.08190755991827 -0.4994884971944993
53956257.60322926 47163139.19841398 -381070637.7068286 -34976889.66647953 18.86751497043824 2.840780815471032 -0.6124247677913125
53412799.89407531 -171211324.5869041 326501115.623341 -17353110.98629749 -17.06400376100447 -9.159847615471863 0.7501726961634203
53927482.246996984 86206172.83463286 -396421905.8851712 9370023.744184285 16.37144119034676 3.399282153971242 -0.1872625450008951
53404259.57157169 306681616.8032919 -106667788.6639529 -3390438.722952865 8.854569513834587 20.15500266962193 -1.614038411995571
53899233.71972233 103218951.1602307 346808034.1298958 11784772.86989802 -18.8722304242864 2.251549565067589 3.123000786272026
53739398.67961562 -363703745.7471309 -84067501.64576201 17183361.28758259 4.534718121153158 -17.79302783264117 -0.06945648187548592
53360226.21567588 296650619.2908287 -182001654.2982913 54889475.45248048 9.678264573355094 16.13930450411567 1.658503036059209
53966792.87230868 -379149953.6931415 -58204792.79362096 -11207097.77145971 5.016930069237764 -16.50584126434894 0.1457211394140492
53816780.78902027 -239129659.073849 325177466.3053431 60573085.81863295 -16.68604914585083 -7.303042558865281 1.301098496476881
53744718.3880244 -295989533.631178 218280562.0609109 2388127.338555276 -2.303616245897371 -15.47073047185874 1.605758688525642
53666097.065151446 -424092409.2410156 114012389.7596845 10951351.64531391 -3.665339737134557 -16.85825221384961 -0.512392797211767
53503055.610752136 236643756.2691426 373339112.6690985 -23351262.5248321 -16.02018690013107 7.981812025744317 -0.8639947204765126
53912104.67992876 -109052307.679963 387597647.0339093 -9978363.438658372 -16.75646979630546 -1.497460151611128 -0.2545458397327898
53957544.52420156 365803305.5603592 -175989536.1521082 -39867779.62881377 10.36833455350752 13.76555342666158 3.181577134374076
53353193.144396864 243362261.9098911 153136620.0265969 -13249086.66654196 -8.864851378800601 21.26307472620931 -1.339783160298845
53384913.33559331 -368046498.5570285 -347080837.647098 23025076.86207387 10.67520498385949 -8.662305419177748 1.651448847686516
53597091.78357606 221785716.1582471 406338083.5786867 -16792710.99238595 -12.97954653772432 8.87042851155072 -1.038641550708343
53406775.18691805 -323134126.5921435 -255819051.9128404 50853912.62502467 10.91281003568249 -12.36910365654315 -0.3579629226129981
53799488.181542255 386891783.4674903 -142547686.4405227 40065635.78181246 7.453445851865064 16.32194279081835 4.841511280510975
53502032.943638615 -174178559.4325597 445675604.0194931 93317079.77614644 -15.1851331791422 -5.392240102120173 0.2437268857610364
53567027.014832065 -222410364.6418415 -214514816.3754119 -14891339.49153911 15.79096553902723 -14.88479742012963 4.402596807971113
53791139.343020305 -518807087.9468182 116783634.3022055 58172260.89298191 -3.753521418154193 -14.26755705991134 -0.02955694188859148
53978894.12409377 364153159.3184301 30332544.46755809 25361563.4185231 2.256678636154265 18.20923207839168 -0.5975052325117032
53574397.2908466 -378769812.6410192 -270685747.6660541 -74881711.99326535 10.19582307111871 -13.12717835692665 -0.8786182103063469
53393641.33458632 -352441797.916523 140188580.6383183 1694412.757776111 -9.556966184663594 -16.18226582957066 0.2330122421308083
53652199.37990785 615826.6277370044 384854064.3782898 1114507.580485374 -19.02315839376774 0.01992305486007906 0.9807632764665276
53577965.54419823 249702473.5523196 -424174631.8793868 -270252531.1226472 11.68214018666898 6.72796957154149 3.641272379193625
53663966.018643096 6175068941.758005 -1990151905.069698 -606078611.1076076 0.7354589361041906 4.285959829841468 -1.474927886757933
53956110.74810455 387003038.1083841 -162842880.4314072 -32771801.12649822 5.465478547907914 15.88475628852916 -0.231204275761927
53803132.89010026 314337596.9484479 -327428353.7502442 -14645098.26216349 11.57070904091508 12.54231535824308 -2.435246345112107
53603472.011355065 -52953121.89487487 331441168.7091382 -74144688.11049744 -19.8848185779979 2.221160712872016 -0.9309469638573068
53386244.82589088 368458526.0684362 -34297763.90060484 -98115218.85695794 1.735226601660946 18.77564992695872 -0.6283038638297569
53628252.10240022 -280885914.7412435 -366227960.0109137 -63348011.56752031 14.33855316453277 -8.757604508482661 -0.4204056107322494
53460428.36207268 -84082783.74889098 -399732249.4094452 13206369.44822457 16.58955926532454 -1.211287779303962 -0.5313471824099254
53757817.416851796 -20049884.82126612 -442879227.347532 -13899045.62163556 16.30644485623981 -0.7841920216684279 -0.08925756403964563
53463716.82108854 -397257954.8817315 243171554.3501875 -39437175.92081452 -10.85709455557849 -11.37323152330578 1.594325633776962
53285494.52659964 -312996436.9347568 136705724.7004746 2107397.366754226 -9.10640268141871 -17.39732369083329 -0.1281731405790989
53408768.963167265 -150275085.3981384 -394612358.4699481 27950909.30169688 16.03812928342621 -5.304076178754565 0.08956453970201039
53767417.99931474 -93898626.24685478 -311484579.3036487 -27439527.41544472 20.83826405240276 -2.608049792412207 0.328069244639962
53360826.63018309 354369265.5467387 140869311.8753768 -47886616.98465407 -5.571135441770456 17.6879091540369 -2.592986453459738
53862221.12786261 -28212891.59702338 -395043765.2265871 78684371.16078526 18.02383145061762 -3.453505643413335 -3.213725124063279
53403489.51291089 -331297834.8808947 119801142.4310411 151221803.7112624 -3.096767529468014 -16.96906914983628 0.8866449205089717
53669160.37436514 -429477709.8103625 -11312447.15056894 26263049.27153016 -0.6682211507444924 -15.6225097487657 0.2679874847306696
53951864.8149274 347347077.5408084 123848587.614379 10634599.01077848 -6.009113518876593 19.05637646616691 1.23834739843545
53559047.65580826 74931289.9710998 -347133143.8680694 15550967.02748583 19.03730117504334 7.271849717021988 0.5350318387894046
53567183.494140685 -251676148.6000271 397048430.1394066 -40836860.18170395 -12.2066595541821 -11.06824642027841 -2.173437835750127
53738164.10400247 37016090.01129887 325806652.082866 -38747470.31201006 -19.16145035020669 6.820733584287212 -2.875341940727527
53444081.82653 111694218.2943803 -386963403.128328 10297632.45306918 16.62125772689705 3.877291182451651 -0.3891195666974658
53829672.94087505 280138268.1436284 -329075696.5035954 -34078671.10583 12.70693943957724 11.22999492761717 0.3685798410317558
53697687.34594556 330221371.9765016 -30600785.88668506 -65274910.8236156 1.923177019684922 20.88777930370764 2.388315332091269
53765853.43590173 -122603767.3925318 -394272525.0379412 13477236.37041761 17.92255336129228 -5.991250047928233 -0.4048997030762398
54062801.64113634 -325497146.9086283 202973390.4342386 -6859789.085382372 -7.246123529957154 -15.2843762388466 -0.4350721889619527
53575064.5630143 201359647.7316857 203419589.9745231 -50028988.67037958 -12.08599432384935 19.52144861453324 2.962236312894709
53803660.22457945 -7245009.113899363 -276001914.942669 -14859679.53035004 24.04641098588086 0.1269853820907727 1.494521262323918
53766766.18158581 141476053.5620398 -333450212.9588106 93056956.70104322 17.94517161423164 6.156545825309422 -0.9981400042490254
53586509.067455545 -284532040.1605758 -394010380.1949568 -136970079.155114 10.57735434095056 -11.1145782523454 -0.7505796505347084
53459896.08413355 169334977.0740351 -364464248.1557363 5875534.626319364 17.14823597098939 5.205540743932152 -0.9287527232495238
53424468.321917 -119035517.6630323 48332659.38732831 -6141215.613526704 -25.5440502711009 -31.56455012656525 0.05555651037966136
53542783.20740682 364669352.2757715 -188780892.0577194 25426452.53110673 5.690211641017576 16.96969124324442 0.4777743558164103
53795887.47199627 -33395555.40804715 378460801.2055867 -23387934.38557728 -19.38608461426775 0.2341269932470404 1.215873444035236
53706020.35076545 -561551384.8323902 529992696.2284031 153808095.0501071 -5.005414084667051 -8.947335315900641 0.699935436800283
53314589.781766266 204278212.5779423 190536584.120679 14069084.58827363 -13.45498019302182 19.8717940715388 1.297425280249495
53812957.85747047 62630393.71664443 -434194061.9026219 -21182989.70271349 15.98104069377707 -2.782408285669488 -2.177176022319421
53489295.421120204 18380647.5871489 -534381155.6256007 -18073769.45168662 13.82753734551322 1.076334169861638 3.991473160718412
53881249.102187864 417907690.2508294 90834264.39820094 -53138422.15015571 -4.171026890165273 16.25688148458575 2.048190267821269
53714805.59905255 217022676.3775877 363822454.4331338 64050133.21416637 -13.09369528725337 9.986612875792108 -2.223027960375517
53498654.79714974 -211296540.8747628 307743653.5813105 13218334.44203389 -17.62608329645969 -8.666334705959969 0.8198855192524892
53686301.69755298 403442611.6991219 -49612559.3850161 -24088287.12765764 3.520153936403291 18.22506940480757 3.017682150710637
53976349.67650965 -352319913.8451087 128986063.8387063 -11101437.71918245 -7.72530037297962 -16.5151051067901 1.092400308558105
53675968.36720865 -135894028.1013384 -418616033.1453416 34812322.23842844 15.57360704995653 -2.806277613891317 -2.574784785503615
53955443.18797177 297123704.5415159 263525089.4010851 -8609029.100793168 -11.40170074691357 14.76726892345548 0.355358122699057
53956788.51729336 -171877130.773521 349915655.8300732 -21949053.29728851 -11.8208863048328 -12.72804710440534 -0.9953509103970974
53717335.69386297 319662288.6366159 96310058.80456442 92724178.96346542 -7.886590950835624 19.30214755464898 -0.7578707594449403
53488470.570702724 -269603105.3955922 -118920179.8453097 29659021.62186231 8.901297002053036 -16.89909217217561 7.608604992235433
53796728.70559578 410734991.045357 271691241.8128731 -87848212.26315841 -6.601685542097826 14.86426105760197 2.782236059136816
53778982.759917386 317723013.3298643 -194964445.764891 27632193.41189346 8.917324236148973 15.54387622155473 0.8422381646180792
53736610.59516835 333779592.6080706 -202080408.2965242 -44959406.02018724 8.189482881050598 17.74951213837953 2.318068365892708
53446909.79471309 183680649.1258434 359485298.2908371 7152232.833977163 -16.94073117842126 5.772485734388345 1.694298672383867
53365068.552569754 -280866384.8353944 296244967.7527869 42488191.29063842 -11.65459455446234 -10.76790087397433 -0.9910782054763132
53762603.50215691 -385122759.5523448 175420329.3152373 -22982053.3959952 -7.955060403507392 -15.58498550517869 -1.210748424151707
53492931.92933309 -266986937.9569141 -338270538.1033478 98052112.56191212 10.43358416568271 -12.57123563896366 -1.280525609057123
53648774.51146601 147236837.1585347 -883975634.0846138 184119988.9298527 10.31331777622255 1.728092499349733 3.023503724491904
53809802.373846814 -509681301.6876784 364017383.2310837 733751.8621699959 -5.269912438629686 -10.11804236877725 -0.4390391895917896
53831278.12827202 321094519.6682889 -174556373.03758 18411295.79548704 8.665200515948833 18.04731076503912 -0.795031971512536
53443648.98301196 -436443190.7093577 -64376320.98117353 41738454.53978588 1.863049222952947 -16.86392186090714 1.005506248997556
53672793.85739493 1745443672.548782 -415011398.8900558 -614616385.9815258 1.695600314029494 8.898493876253948 -3.192556995465464
53718071.37557288 -374043510.0033233 252885296.4340315 -33540150.98865095 -8.88149919853592 -11.23395588035031 -1.036972609899814
53606127.64405984 352070857.7170568 102103432.848701 -23382422.48595977 -2.490533598289033 19.80444940506166 -2.699840944836895
53834395.50811803 363982049.905542 49978701.70021737 -24214224.57058646 -5.422483904663267 18.42462391557262 1.189849668635539
53584189.572198935 338133877.9626921 -51874419.32091092 -70477006.48513043 -0.6024926665956006 19.52334551040335 2.497214690001831
53577802.94698903 410323032.9230887 21720767.7392323 74883564.54846181 -1.282139484959199 18.43633319327788 -3.305932068890016
53933726.81630597 -8692338.62801399 -364405668.2773428 -76963710.72955765 18.94935603704793 -2.130238986585257 -1.774911693229862
53819447.23165855 -395674830.5091841 -53566964.22418457 51447656.6912491 1.948645747654058 -18.49453621008859 5.591221559212896
53588887.16151026 -148955038.6913105 415262392.8888609 39059486.6374402 -14.71582591481345 -4.088411687021043 0.7197440619285789
53823065.73377919 79623006.5645972 370818918.98923 -10359142.95434155 -17.00731612285996 4.392337271739375 2.175259241357402
53713997.208255865 -374979936.8791151 19159612.33744458 10405810.92365528 -3.969547866316586 -17.93074476821996 0.5044571919135796
53725364.73387859 184031373.2528762 -297264795.4313066 -65776681.94702382 13.19801025500527 16.67297704911256 -1.062408459299125
53828675.20033325 -359439905.5501338 -205958411.0519099 -51501528.00967622 7.721113935442979 -14.99615699104828 3.419350994522008
53613854.64314615 104557939.8839595 520979317.7952567 -9571558.583847284 -13.78331860212208 4.00449426564608 -0.3595093740749786
53801790.50373703 460609892.8666508 80748046.57022512 -49615478.15142218 -2.725468342459845 16.45223940635191 0.238847408601039
53392687.588792205 -445521202.7742947 -22530189.41048165 -39571940.18019608 2.236073609516502 -15.27678962878857 1.221810279472352
53804618.68744776 443871573.5507635 138143848.7262271 -35314438.15036207 -5.501299631718754 15.12661035920634 4.790900632787694
53465654.28041254 -185883075.4227785 396238702.0400382 -27659890.49287653 -15.96793579971836 -3.073497012616794 0.5675820541769466
53771175.73712332 -418411464.2335218 116720512.3062054 -25054087.94618746 -5.741827999198752 -16.16712535533789 0.2627987870786823
53575049.32169861 137735009.1848964 -268719422.335099 -20319573.34833941 21.58730236147123 8.575470541479199 0.6469673560940468
53418615.98743361 -102789838.3591067 379660068.9746466 28666154.13423741 -17.00483399155917 -0.5355244209570258 -0.1982972401338444
53784661.04978616 -108691584.4009029 442548912.5262391 96072249.38644406 -15.41575594980391 -5.279131224484649 3.525263669169132
53763963.842914306 -260581428.6550003 349346198.2313999 51111923.13222705 -13.99933464069796 -8.775265896407847 -0.3208708006171452
53393296.27508631 15408839.81440388 -373724235.5117779 -11153774.77151969 18.8717000616738 2.085419654551157 -0.9235522927510013
53785441.49251001 216591945.1835775 -387759166.2786989 5521737.540367037 13.19650363745989 9.413452991603135 -3.019075021525865
54407603.60872598 -23840632.55966607 -170113029.5488339 -31994261.47659931 27.93918034887669 -9.517427490924984 -5.558047860734833
53564515.862671964 70457184.4134049 493712431.995695 -95613682.7907817 -14.51421924184939 3.027825803573687 -0.2721097158927793
53731235.10731031 -66897538.27088515 457545724.2716021 -16031460.46978843 -14.95962730610075 1.337152304418616 3.816193687863097
53925955.128624365 330049241.185356 29163870.99905646 53240870.0251811 -2.56942815615286 20.83682855762048 -3.467631835314354
53559150.62279379 -426995864.8168961 159487044.866594 3902126.845995791 -7.172342160904287 -15.52297288060917 0.7745794701402957
53716615.87923719 405110154.9862554 191233438.0871785 -90192432.85175836 -9.06863489561065 15.35921467628609 -0.8365690693392978
53324168.77086873 -305609397.2783282 -52813931.63088892 31711945.24570081 6.438095380080515 -20.67563437361693 0.4998739029601449
53466143.40243916 204430586.2011158 -422488519.9756401 26189101.26421158 13.00756884135165 7.363073971860938 -0.8907552489711201
53855382.98355977 386168676.0649562 -183070586.9179265 17441102.26469272 6.050024643248968 17.01266558404248 0.001386788973167796
53770675.51229507 197552093.6338947 -406172991.5320933 -25476662.5053342 16.38154934170707 4.369986085479367 1.051279486729649
53902267.69623003 318921177.032208 -165135131.0984453 -75473212.15763211 6.737547505172713 18.78244942430116 2.356818566963067
53483578.14740413 209493795.0287879 -279132028.9859522 -227817337.5131677 11.27899116398564 12.40862445967129 3.43465812583347
53558246.83778483 233002536.821046 325693221.5328274 -44770476.7554203 -15.72401633198238 8.1969393271028 3.105592352722612
53687579.90056063 -28852647.25302083 452868099.5056223 47563436.10952231 -16.34297127128229 0.1274784683573142 3.626516968854539
53589906.35021833 422735106.8877907 -136746348.1382655 -174952703.0023489 5.458928140749319 15.43655283903197 0.6247442813158868
53494437.712121785 -404090662.8980347 130827700.3669709 15724875.649199 -5.776861563892175 -14.76297428439922 -0.6076061125715553
53498401.08663746 -447784760.0000374 101830801.1811522 -52404892.46734872 -4.562309780018205 -16.45767409062694 1.408997240166794
53428232.74119535 300967625.6056412 -89005757.12868528 -24984735.61687997 5.084080375971853 21.8678145243291 0.5779455227175934
53596391.264188275 -344019634.5577301 -225126336.7835978 20402352.34345793 11.25211098885717 -13.86409122277494 -1.13181015452867
53731070.52181019 291637199.9829666 308234454.8955361 -34496392.64918904 -11.07744769521718 13.84024623674203 -0.3467288001679858
53704576.836474486 -460404437.9054898 247813934.6993666 -31361089.47786033 -8.623813897499945 -12.49076761667712 0.3558708865455955
53574482.20060537 -69697818.71820745 -465247391.4844652 154295597.5281095 15.1772944428031 0.3331925703301946 -4.817422392994548
53448470.09389854 307693312.044485 77686523.28666785 244033385.1686257 -9.464596137517665 10.59351225521092 -13.32739286421607
53482680.92457612 -328011236.7199568 -96688464.02323791 -11476692.80997378 8.789421217159003 -18.10194006461876 -0.7060152464857685
53663770.66369246 -144200027.905858 280421004.3447338 3869898.19490172 -20.19119065833887 -6.835064304372025 3.154827558905337
54067227.518314116 -70416481.67732374 163438923.7341199 -9665521.100404128 -31.65548937420682 -2.686511496821423 0.4615886538291281
53679486.860537276 384908170.2474751 90581055.64218627 -31444687.60560687 -3.499525004431395 18.43583285461305 -0.8957836600131825
53262434.155541636 -277256102.5840659 -161903519.4932129 -93399875.10777973 6.725470910347108 -16.44948896520076 3.314239368407204
53368023.51834777 217085902.0961524 226611580.1280892 3175258.555423275 -17.99841135601089 13.08106880352221 -1.915847885603716
53842655.90420404 -46337945.40018752 -463792457.4165808 -84073619.951619 14.50742000453561 -1.851150070798955 -2.620932054385194
53910949.73363764 -454468188.0359022 120914006.2537632 -125812.8987628892 -3.220008087983014 -16.0825859523964 -2.773898172463628
53523515.14948464 -378545489.927223 -131649549.6782444 8201046.385267518 4.639994680454516 -16.12781077507465 -1.527021924421237
53574788.179737456 146824888.0001754 273205999.5242414 22060718.29059884 -20.27964532275112 10.96864661896627 4.178377223406545
53591268.2629205 364005151.8079025 -110035724.4489616 -3725742.009134933 4.132206817487635 18.50192460392927 -2.139873776186023
53654292.363873035 276445490.3842852 -155307242.6937594 -5951834.621413037 12.82347621367787 18.03234367818557 1.768436349502618
53770627.51831006 453464601.7446898 102838842.8700274 -60692771.79945292 -4.282879543601043 14.92155138480886 1.767398717478597
53844559.57176862 -440876916.8509074 130155721.8301764 -32825866.75345568 -3.328226516836602 -14.56796968167756 3.386138733035925
53854287.76592907 -384782778.8424071 -126201300.6957362 -7847199.37206503 4.645530239556332 -18.15033090186759 2.64713785129991
53720584.548447914 -395897554.9021586 81568121.94385618 -32024653.24444274 -4.281707536964372 -17.40832799502767 1.123680952100563
53669405.38830963 35410364.28270259 -777531797.3197054 27729637.85128894 13.04857710639729 0.4181493102896681 -0.5896415819598871
53577404.572772086 386672442.7777439 115937311.7481522 906410.2850172594 -7.633032784588695 17.89349585295478 -0.0228548262862267
53548498.80585709 -263025829.8031964 418125540.1111467 -22306353.14997944 -11.59247753980857 -7.4703036617621 3.552683188545313
53613382.78918034 27803216.31866754 500722223.601416 6458841.104011118 -14.92428073999649 3.488115098292784 2.219984795429307
53669309.53871465 5150839144.174551 -2670936819.795178 -811473508.2732208 2.221304035282887 4.098955306365203 1.72519204484659
53630168.426789716 -150904999.075537 -400879440.506927 -20375835.78167039 16.94532825798596 -3.443188803610869 0.1150016883943885
53827737.31444716 173410827.6093219 359996019.2858419 -59382069.21499644 -17.45079518321661 8.017459082836625 2.585519767305116
53956261.979738586 -232984891.6203567 -364882723.959842 -65612224.43956269 13.89633304395624 -5.934204343019472 -1.064630524892378
53522562.841731265 -29755546.28431508 486464304.5800638 33277140.58014375 -14.49254336289761 -0.1451632112009136 3.329832425494157
53794248.0409701 371013040.9705536 105191246.8939793 -3950308.900210939 -3.309674811664221 18.42700213418467 -0.005412509036338164
53693913.94656775 -406185254.8901052 -117436908.6094999 -49006275.14868673 7.771636136938597 -14.57995095794666 0.1130329770561156
53670773.624070354 40911227.6680277 404767355.0711344 2518395.006761193 -18.34830619589634 3.414123244620165 -0.261694646192369
53918281.694085225 -385371348.2024398 -252721389.9788446 58130023.94276501 9.677823489223425 -12.78905020529069 -2.908788182080609
53705045.001710825 17055637.58494618 -260444322.9255866 -17093743.60547735 24.70847054696222 3.151111197597724 -0.6121785472070943
53763410.26499004 -118940469.8409572 481604807.8792472 47632151.42221195 -15.5705987380659 -2.044395094961006 -0.2071039824431876
53653586.53850004 220232473.0831433 309193464.8354689 27508449.76689692 -15.17271478411039 12.13690646582858 0.2618541248834605
53601909.49685422 -178687543.6934887 303382512.606926 18206466.66469431 -15.35076423314614 -12.94809699031003 0.4586693403007072
53873900.489153385 284199708.9183918 279961976.1895698 -1712043.285092399 -11.67403533154404 12.35486385612169 1.568805604594649
53540741.38970129 -393611347.6643743 -145426988.3909635 6854454.972323 6.053916421456675 -14.70185156922624 -0.5735216552089382
53761021.01814511 -279433368.2301188 -96038968.57061365 -20323362.58093784 7.456190566310114 -18.25944980869077 7.355196547641621
53663561.77017532 -166509405.400604 304619160.2298996 -3767505.935073137 -18.68818109373254 -6.277779423841565 -2.344057168202794
53654308.79574744 -128040242.077152 326932282.9665904 -45265307.78026816 -17.15049925203085 -8.574516867696456 1.416876599906306
53574910.37517804 213115609.6164743 190569567.0215478 -25146568.85653728 -14.63009156608146 18.32866027094444 1.222277284551394
53509806.16204931 130982448.4814049 -551003467.2737918 106078265.3169172 12.30418270114004 4.94329050303344 1.7367741102868
53783736.95725619 373248052.0322509 -46003793.1017236 42215662.31214441 1.637143142418494 18.6593902128778 -4.451196836313265
53429463.02083322 -406232841.2242018 113704850.0569803 -598008.1303071082 -5.914158023540422 -17.12116589887856 1.338897023333996
53922778.34514707 206339622.3657867 -347609247.092071 -26911255.36391388 15.50906555624055 8.951673274446074 2.578600785149249
53935590.271235764 -114850288.1910889 -447042175.8200837 -162951885.2750951 14.57547344885445 -4.732031604963331 -1.131048420526216
53811830.51252562 200413217.2609501 287528060.4006657 43567353.50018758 -14.48809180596305 12.80224345049071 1.69780773576113
54423735.062198155 -49812654.80824751 -194881876.6925337 -69175392.07426403 24.27568596912016 -1.602599728211975 3.906816300464286
53913959.10604792 -346540606.8849098 185871587.040763 -5001683.312107034 -11.92862770806324 -13.95111234802803 -0.360918557547131
53833509.57718791 231408623.0375873 252459977.6154304 84006456.33472621 -13.35492224525809 14.81824863189583 2.685302715393072
53799052.96827208 -338554523.6589198 157065929.0429226 1879729.670999214 -9.065326167571447 -14.79584274993663 -0.9130859952083785
53977484.73912139 302608307.6978475 -66377111.35672279 995803.4981657341 1.839650709297404 21.34570469752032 -1.998064440178294
53778330.29739015 -204470002.4245466 -267679149.9322412 11806522.98074524 17.64591639006447 -8.866793669521181 0.6609357567333944
53835357.24348239 344814169.3137287 180661513.3882619 -21839361.17269657 -10.11765284851886 14.4939065752509 -4.295160645968874
53883066.20931827 -322277343.8070123 -268788932.1140109 3671305.868784323 13.52598995707644 -12.9819151257224 -0.7517805852609154
53783593.665917665 -485216596.484287 -11436699.81756971 -96502772.18875471 1.773544041505392 -13.84758821143214 0.5914325349430758
53590772.253871635 214832395.3891407 -408447608.4875045 -217382.942892313 13.51171226050665 10.23755645429595 -0.9322533649502933
53837297.98183984 -90800370.23422986 -364732592.5582123 -80832820.53563371 18.20360630587828 -4.576087727577664 -2.718884843827103
53891442.69956958 299371813.9433821 -438397952.5203928 -16708223.05441669 12.06884274443745 8.572493864651133 -0.1875274921964674
53472416.41981957 -32073064.57192134 -507637881.2716465 65504628.44601537 14.80923993771877 2.080683335960383 -2.227878571767362
53664785.25292444 -306839725.167084 107343386.0902801 97384549.79871418 -9.350920829090315 -16.4708940511134 6.904853690241145
53726157.04892025 -26257809.99727037 -462337544.5172642 -35610583.82444337 16.77211660912885 -2.017594898346909 -1.800041387403841
53434541.21571974 -353946702.3377308 94793769.41130888 -6718915.417853367 -2.027789699308673 -19.5105266285011 -0.7072973196806558
53809602.77011042 382489216.4228578 58533352.55930318 -10549954.38893449 -3.872728864289834 19.33837349458296 -0.0952344645147134
53608961.13696812 -170788027.7124808 -320135288.0076777 -15017856.18044479 18.24477247507742 -7.852850394938972 -0.4570743311474148
53640574.0841209 -395855190.5985796 149172697.4219501 81301828.72892942 -7.136050206624867 -16.75210388714185 0.8559983993254345
53408961.19290127 -381933822.5933027 -100621316.4541157 -58111907.20467706 5.917603276939369 -17.16146729217681 2.758713008576825
53496035.31049593 -141784508.593569 -409377495.7766651 73647802.35982223 16.96711646226562 -4.955301123014843 -0.2567341743672991
53616895.10278484 217381054.0892431 -771556492.6090513 34742279.92486602 11.9714156457351 4.104480309814039 -1.226681213090759
53759092.23414234 -231954472.4496688 -300548451.0536534 -7672715.875578478 15.6767852783909 -8.83143766358507 -2.188950460913842
53848961.94621348 350418282.2159623 192295608.4789844 8921377.39973943 -5.074915475354631 16.37744029511046 0.5030324063237384
53476991.33371721 170452550.4285068 406883888.7008282 -37893147.78087924 -15.54208876065025 5.003538351633188 -2.151261030871126
53773572.23340307 -459594776.3361817 208222879.8935181 -96848387.67488746 -4.469432378260577 -12.61931125131677 0.2640204502934145
53746018.31737607 417090104.5503452 90078856.38964684 4394289.116569676 -3.276523956939066 17.40150383774577 0.4148217295669383
53705528.8399005 -22212867.32506844 467722088.6685187 49636075.73593849 -15.89842949944971 0.4143997523508984 3.979656231946573
53648687.8262764 -370989127.4368418 294841028.7518097 -77058665.68926829 -11.23307757808884 -11.49140520057663 0.5830456620000479
53790930.8169315 149277530.2301149 376115984.1505421 -18996859.82561071 -17.30640386684969 6.235139667614398 1.350648382683739
53725016.34248234 38897873.5507417 508124783.7284178 -154627097.9189567 -13.09139027701167 1.595892428089335 -1.126126606170903
53936062.869188055 175869204.6143892 253631028.4333547 12667070.54406929 -19.60147371147726 11.06253419168992 2.50203086221929
53498354.35440875 176903923.1909263 -391834257.0110331 61076598.41179523 12.9330076432227 10.83805823443669 -2.291579976048856
53678468.7217774 426396796.8282314 241124582.3909113 137868787.5632752 -5.581891199033809 14.58506154792943 2.228114392870328
53305162.544509776 277980996.1577883 94469765.91581649 -7686529.314503059 -9.797245154451652 20.22856097962502 0.3572824326825232
53832233.36491331 437098100.6673737 -96816374.98552017 -21595428.17991636 2.238083894832588 17.37406315967417 2.1862519553408
53584148.73971317 -257802361.3012826 -405287776.8620998 85216492.83535846 14.20803072753732 -7.523820799728149 -0.3721741469326822
53348215.94533747 -68156607.81500183 -358124210.7699783 -17663792.63282327 19.09193237844248 0.057119037008708 0.2019613524722574
53673298.24271644 -445599858.081254 69651454.94775976 -14519142.96341073 -1.969929924719008 -16.62391149292971 -2.872340777503121
53693729.62977736 341007327.1027332 -133931681.0406644 89192498.81736344 6.362517957571488 19.19997769244476 -3.62127231692478
53533694.39007253 -62520752.12774152 -440995845.4720725 -1556836.242560238 16.42324598895926 -1.822074842710005 0.7750913239154787
53564700.51472967 309474217.8133089 261285260.3856528 -15758466.5309121 -10.8633404820721 14.01647584634614 3.983555632468512
53800384.56519694 385833908.1775032 -48747734.04854368 -7010955.068324648 -0.1574898484539178 17.90542885059461 -1.391731852089126
53801266.4354607 420555691.8750296 -297015894.1033709 -13194871.22747071 6.419005781399139 13.40276871416463 0.2118355770589453
53489998.04421787 -398280741.3571515 -76017192.8553994 -8021639.834944434 2.576975390803248 -15.52193184929863 -0.5516540595638686
53872961.84763371 -255812173.7148077 408030114.5166889 -54579707.07138596 -13.11268008513898 -8.900880669908533 5.142369335042956
53644685.83954974 -449527519.2102268 -37672826.18114713 13060862.13735174 0.5361284050391217 -16.00677219388547 1.497641231265693
53946724.46964847 117974804.6388313 283986681.1840075 9864058.560017899 -20.44475741402714 7.20527493150691 2.036178319908333
53450800.07398437 -288684317.8951067 -294202616.3039662 20103198.60279229 10.58152850460118 -13.26212077409426 3.694806768600329
53707042.91733823 -426111836.5351527 247258352.1959922 -162174826.3827254 -9.226813110009443 -12.17577942131578 0.2041280894462698
53896524.606498554 -310745249.8655871 -384136693.0805885 -58067711.44492166 11.32369417774004 -10.91594907682895 -2.848030419616835
53731698.825365745 347706803.4924489 -149982619.8258841 126445958.0260416 10.92678724629855 13.98812070245737 -4.273425569734061
53519952.84550761 306825153.7828048 -76888373.68946117 -22463270.54163859 7.122910663061916 20.48855045215482 4.948524791669188
53375837.45767632 276984938.7454388 -275850912.4012241 -1520998.5478324 10.96413533435449 13.36472009963229 -0.7997491843664521
53305848.93525532 264611134.9945964 -69915002.5759991 -1139792.221564606 1.060678538617307 24.02119876500541 3.172242616819833
53902443.60276457 -309742435.6622959 -167263476.1445945 16124225.6690641 10.98919321767206 -16.13638013371849 -2.979396636926934
53252868.241676636 -163345331.8815267 -208932132.7378197 -91161894.7526259 15.67126443925754 -14.68901160870105 1.586950785025906
53422341.13437359 174528601.2721179 -245307141.3411184 11029334.30316818 19.62523739260956 11.35156248195407 0.3341755560575352
53661535.1987261 243947216.5031101 -385492749.43687 -29061570.88915715 11.07301948007636 10.68051556483505 0.6118060552765692
53295498.01360568 287801803.8010381 6119008.0073907 -9240751.549159288 -3.444737958713342 23.01266173368603 -0.6345975544643281
53700240.65195456 162533715.748027 -336489733.2537099 -1458795.450605497 17.75423861551278 8.190065323429128 1.331365125108996
53805292.246737085 365328328.8202364 47279901.51722164 -54145862.9517401 -6.067248044392228 18.06889820112412 4.005051475315382
53912732.106833644 15067350.25761066 316741189.1546954 7594875.735290125 -21.43389489548329 -0.5907747848035453 0.7043342152953954
53923800.357055046 -94428499.197156 -325456106.5788975 6655054.89366664 20.30561877782286 -2.226117942373813 0.1400838153960419
53892502.6326212 -283309808.7367232 367468737.9021685 83354164.36644877 -14.12164415047673 -7.939548293028293 -1.189728580672808
53378848.15635279 236588654.7983986 89853253.60449123 -93296475.83905044 -6.581624881321038 23.44313441660971 4.191957700793525
53946966.49427164 95838167.1862852 -345927517.6873515 -236663.3869166672 18.75427474728727 4.885380146708396 0.9866108020054722
53703077.49954607 339132175.3528236 -73793741.60209459 -29106788.26877611 5.465153084417533 19.96285257297689 0.454788075311833
53393383.64287093 -339779589.7169068 -196997480.8942362 -7998319.795645908 7.988302339313067 -14.85661277748288 -1.751751489006709
53747883.782031186 358455866.3722379 -32596329.84135439 16800665.22383657 3.298306316467765 18.70786827364951 0.2655670529128447
53616997.24812405 -353505723.8314981 208081783.7610213 -32430910.33794206 -10.07540535595015 -11.98573813637213 -0.3928387970636402
53751774.40333262 284870282.7907206 334514273.6464211 -69499669.44069943 -14.31613294595817 10.5062677858806 -0.7803802609934904
53507851.60458061 -404593466.0965651 309533630.1232066 -57491423.10166215 -10.2157439390502 -9.331460758234721 -2.329566361939748
53692783.29195007 -270447058.7834697 -204840977.9788466 61634668.11230133 13.83893214696331 -15.39139935706684 -2.089113959257363
54029879.08690891 -18458566.32695603 367405350.2236263 33780197.90524435 -17.87975078400037 1.681979399920722 0.4672830363012276
53874737.92176043 34373817.61258726 -407366902.0304149 -28063136.53659225 17.79108845268194 1.70914465168366 -1.260275897265218
53694168.01011856 -320747986.9670286 -342919858.5958462 -3844694.683045715 12.21374468091692 -10.67486455247163 0.2954605739329192
53522822.8731981 495712134.5290007 -179149136.4652043 34190341.32393683 6.443435864805191 12.84475479389532 3.802648034708493
53956916.565306135 252468984.9122707 344025970.7296379 -71931809.68286076 -11.72567180080656 11.59789541274437 -2.184012869556374
53656048.26834657 474994951.3964977 -130608845.1585239 -82004349.17941126 3.990347971456857 15.17657775390783 1.390170113381819
53679226.67065113 296729505.012889 -4805006.623048707 2347573.348599704 2.837277189305889 22.60829417681292 0.4328640467275502
53991478.79199278 -319918107.2176047 -121715999.791174 -20327018.25696415 6.659624852556069 -18.57820678235549 -2.003479097219431
53884814.33956136 -449159287.0060704 131066071.8862511 59596683.8546878 -4.965254818497619 -14.92002536535793 2.406689929345471
53502659.65903738 -225496469.8724228 496248474.2073845 94725838.54361176 -13.5677042532469 -5.759123399395981 -0.0152867844108342
53526871.57325512 -324513146.3802115 -283519702.8436711 11256170.99317412 9.22845567221842 -13.38318585932243 -1.26619376092156
53888726.352202505 347698134.1787899 -291649482.9625534 46979762.85662363 11.38114909569942 9.735154607627196 4.063064767894904
53497548.702708654 -425974983.4762365 200027944.4643946 -59998798.66192475 -6.156735701983735 -14.59328359235394 -1.881536285854526
53673263.983326085 -423062516.9194411 -92509325.53967038 -144720.6761466414 1.466184580146433 -15.99277398142126 3.280845189817845
53873240.132336676 -423640163.1927349 324646677.2970262 3464714.997846976 -7.090424231487635 -12.23014025401095 0.468060682345607
53895433.75512021 294441519.8400864 -269667113.314393 111422844.1413491 12.63156225493229 13.8017567087397 0.623887462646036
53461872.33976781 -174358702.7414065 378608416.6234353 17710772.59298205 -14.17725651298113 -7.613749234515554 0.156101182733702
53595153.76789654 41666283.13252782 -361834093.1234294 10668474.15203968 19.73806111223024 0.4274821597891937 0.3114729504745652
53521974.43836774 -297624004.9636683 373587230.4953676 90954355.9796097 -12.80484255944445 -9.732382623171485 -0.05449259981604682
53685276.05719866 473576197.6701953 -95980593.81862465 989524.2840659171 5.729097850720861 15.41360855301969 0.05211157055139815
53418844.14156681 -195811260.5882856 271509630.1677287 464449.9530124664 -18.35771139310319 -11.11669231937425 1.747242572379406
53661269.132673 411666613.4923865 -116765432.1358525 40387615.44064751 4.501532474974303 16.64573780097808 0.6900651013727117
53596510.71078252 -372297589.2746063 -111945585.387707 -74713854.49905697 3.89812629141672 -17.44326806869611 2.46808023810685
53891168.83334306 90054621.10104528 -358780561.1507047 8222876.350389421 16.62605665951149 7.208211516492364 -1.560613032343218
53352441.11591149 328835548.6250498 107675101.7054347 -101766828.345012 -1.514134836575314 17.49369401964736 5.513491876572653
53507306.1461105 135910140.5403684 -446252366.2999718 47747555.96831946 14.43263444307225 4.197138375809908 -1.309724976987217
53586965.73441496 369537747.7831123 -296338677.5834477 52077810.34333862 11.06687701702748 12.31424256577161 -1.968855714838002
53787419.47542751 -324199620.0282496 -438989623.3767563 37922653.24342158 9.772735677864002 -10.00049204898965 0.2896156669573533
53720476.46778576 102481484.4112323 257554433.3816834 -71398684.05827674 -21.13161402603976 10.37595758263595 -0.8012945239065359
53821884.218130924 -211271362.4468885 152031826.5873024 13884979.87658596 -18.7947714115525 -7.469742922545382 1.815018395605152
53683381.46191467 30094725.99678722 407746526.5268198 -13211217.98217294 -16.6764292737812 0.329176641237236 1.522388504605007
53513442.503426924 236215362.9337414 312034674.7542747 58177151.64109522 -15.19781359463017 10.12712075136893 1.227769152552532
53441724.14059339 237455713.9438193 519887143.9805326 120731017.9877118 -11.67840828166828 5.045095300443797 2.389242889126997
53708085.49724888 103840838.8838076 -784495668.2216903 -220925799.5023577 11.42210159964531 2.945951486575925 -4.004914993684076
53431849.27452457 -392073653.6110559 -54046409.79786922 26470921.97985699 2.856247006882294 -16.4472206938248 -0.02649026319137526
53630835.76666087 -321385653.2345572 -11980546.09965017 13297134.35402414 4.847220530824129 -20.54060336267996 -1.917733169843085
53732027.48498329 -379465906.1942627 -133748217.8832963 -41507166.49210411 2.083793874025758 -18.54136304986292 3.373216338757314
53635215.67030557 -383195469.6499391 3760914.242465612 -83658940.41485842 3.604888298841948 -17.24314635556886 -0.4308631146817525
53481594.851456806 -5312415.051671515 -360484068.7504888 11888170.25479068 18.34128696790831 -1.002563941257471 -0.3378483470498416
53863743.844966434 -123829626.7455793 -406198673.0738288 3046801.349250853 17.24196176784195 -4.143929233311404 1.406451709712005
53336277.984195895 103272107.5598121 288075819.1290937 19583677.10555667 -19.77912643378107 8.791852303858649 3.94674012427781
53638687.42319616 320284612.0003089 11587494.24815144 2947142.703331412 3.340033998557279 20.6296878381131 3.197515530335803
53469918.33805025 333500881.0503814 174286925.1995095 5397838.623642266 -7.314525757510299 18.4137963402323 1.5721812403379
53482271.348839 -177344344.4831196 -255371066.0696699 -9915186.249524161 19.66640412855202 -11.06645831503483 1.318139784313275
54017418.42585581 311954331.0352441 201256197.6881184 -1971452.450068563 -11.56864920096746 14.08847875965811 2.206907050628109
53455810.89462408 37873167.04072088 292677887.8224669 -44270417.68358929 -22.50506173517096 5.599823716996137 1.536917862893898
53770074.84974227 203106949.482951 -185374668.3549455 1842599.698060103 17.54132193215279 16.58866308390921 -2.445122836065921
53535285.532949366 -307129007.8376677 102254431.9849743 -31224889.27945564 -6.620811064326614 -19.59909331602078 0.6798591443846416
53698771.34913157 -130422373.790257 -376724506.8512264 -123093577.7118257 17.98119875359607 -5.528477589756819 -1.935023238767952
53552369.22923296 345060340.0424908 45713683.96502993 101323873.1688607 0.06816836144690921 19.58079706819538 0.7472604558214284
53534930.65725742 -135870815.1574293 -293418897.7528378 23011074.6281774 20.76790399398296 -6.372170661673219 -1.467604594809417
53888279.512537345 -346011394.5614291 239597984.4336941 55695953.27006555 -7.348181605673863 -15.72916179745603 -2.011354727555434
53891882.29094585 -452664157.4344471 -24371844.39174573 7552901.318379428 1.884604775985043 -16.17535643065643 0.7856477593193283
53460822.05334894 437437902.6218379 -260018826.2227412 60922207.56680107 7.27637004815554 13.06051268048374 1.678419742327607
53635326.40098281 475629644.0461186 -172780778.8961368 30966295.85671596 3.601963555419835 15.1164207487488 -0.4117761773244801
53456989.37306644 351892025.040417 -134285796.6919394 -199064789.5617186 3.315439747508309 17.74362692656198 4.206995613736276
53595091.37817508 -272442151.5010467 201807941.4697528 -5076895.682871774 -12.39903756606231 -16.42065229173346 -4.497477374448328
53466113.68428941 -295064968.2842838 -375561839.2927907 47316059.13957518 12.90593210636827 -9.040510793956335 -3.315146626171609
53542406.80417928 157496546.9117514 -265955766.8627031 -45873814.00758398 17.55714611911253 13.94411574339434 -1.776595505619255
1195900130049.5837 -590872052.6573212 2244622714.243306 -898347731.078679 -2.291348197013332 9.392738201015984 -3.838370405357541
53704964.0622407 51459129.41549248 -318357809.6024562 45025895.87152661 21.1367464396187 4.686853824249059 -0.1658989668973374
53740957.947863944 -438517607.9099028 83471994.47742891 -17635947.85764895 -2.698896546429736 -16.06913635054907 1.443557609041595
53433497.435143694 313701599.8212795 -287127515.2573629 -5117992.023373321 10.82055711927247 13.55958789765928 0.8517824984028284
53493618.42909171 106627215.1848274 380435489.1658269 -19562839.11634643 -15.99305659149732 7.212385776860369 0.08213316646595192
53834671.88658575 361746462.001802 93884892.88842921 37290500.61691192 -3.420114656646304 19.44006258382708 1.391930360343253
53806212.77416587 -123417315.8810903 375624978.3149863 48138113.2201096 -13.36758416296623 -9.595689507166812 7.685207518929257
53577114.06233707 41870438.12907658 -371610121.8234782 1490763.913880616 19.11716174624327 3.056599754324276 -1.036830781298963
53497897.268830135 -365820188.9689397 -104143650.1707362 44793270.75469916 7.174113897905932 -16.56272631838965 -0.1247921937686991
53748048.031681634 435496370.4797981 -66783218.76947132 12170419.9423985 0.174585804180524 18.04619073666545 0.9064766418079735
53751827.30927405 -230776072.3626113 -280036565.6397691 -42825514.45898762 12.96208472738973 -13.29172551044648 3.395810759678481
53856222.35219609 -370217914.3637248 114813368.6710804 -62344224.78315928 -7.175118483514217 -15.9494079757895 6.03364159590794
53694906.92278948 103697674.7826941 406522233.1307229 -5498253.883845031 -15.47713209159289 5.729867457155978 0.9565210973322369
53432588.32495058 248386354.0027209 -297775437.0645777 9847103.743823513 12.10150350332066 15.68718120162965 -2.016530982653471
53875527.325553894 431812712.9947217 47504520.96393378 -9197649.568621866 1.741300321689712 16.13843317934302 3.415284687269768
53804581.36708766 1807299.19562056 419856370.9670234 -211596330.0730824 -16.82258547719499 -0.6958078699610397 1.752369479596325
53533934.14270405 -302539493.6491669 -252381863.6985191 -3052226.476641491 10.93575226390319 -13.56267123844627 1.789391943568384
53716431.37665682 -30208761.25638477 -423292923.0575092 11924283.28082645 16.86843974422693 -4.150074605614607 1.990217949767034
53699207.150711626 -205321648.2892583 462695593.661764 -102683462.8079779 -12.1572981404232 -8.77715589642591 2.794673822253867
53607455.14255919 301188278.8477142 374049948.0759269 107844203.641495 -9.977575845403907 12.29473421283115 -2.05780790510939
53511741.87265566 57919223.27449613 410169247.4635719 -189007622.4215244 -15.99373382635141 5.900205963832094 2.967354041431077
53986041.282423966 391405792.4083728 -191808305.8574435 -37537745.46092394 7.405027339293414 14.1967297850721 -0.3126972494707463
53363269.3549734 354836048.3615476 92842452.90044828 -8128894.232825361 -4.622516617758166 17.45639753678793 -1.083938047870221
53865201.67682681 -610613220.7790192 -527492.8916093016 -5536211.520205813 -0.9930105311520258 -11.88931693717038 -1.787398498931998
53674445.91810077 -398895746.3158317 180854768.8465815 -7765960.865035616 -7.287068747283745 -15.26620910042174 -0.2039633988577458
53488837.54816028 -24881625.72761248 333461035.5265979 -10152136.4916535 -20.05941830030657 -2.705624937814512 -1.962602677986229
53390270.302050225 -439562706.1215204 -83349016.31368938 39109558.91055722 -1.043344635382067 -15.59843414764875 3.221948865814767
53659607.26223749 19793585.8722851 -476208417.1619012 82703091.3438261 15.68083649711122 1.207468875590046 0.1028961075606046
53372367.621935435 -265191271.1662403 189627188.1472191 28550034.46757884 -15.06393180519072 -14.83397162213767 -0.5696706673996283
53384507.74008244 -434421331.7689521 -97206588.99981654 -71608726.89283977 4.157817737005287 -14.82514652494193 1.880234944598559
53514698.52309229 216853789.7074615 -346075578.3466425 -95628006.74087659 14.68488520046018 9.281236574051698 0.9592082076812916
53617583.20490219 246068532.3705346 -341140442.330861 11633818.04483062 13.71346967853818 11.57378993752982 -0.4624282297860711
53703446.49875177 -352391668.5926552 -15517890.53142148 -11872279.39541029 -3.557616687353386 -18.56448643150485 1.149499177012953
53668327.04589443 -26514649.45125842 -400551596.2066371 45383859.5376976 17.57637581803484 -1.320449174812935 0.6093019207812015
53390644.76883521 211676956.9573992 271484957.6186284 33781098.61882451 -13.19898721922083 15.38642000899557 3.343170909987301
53628423.84165989 422194593.9148685 -261491852.6042939 -102720271.2485689 8.59186618058567 12.92551529942145 0.1611592477354442
53627412.53213764 363678564.5027763 -169455156.8496587 9630152.005321354 8.882101149770012 15.02395868140876 -4.218440198104211
53932541.02192764 159325291.9048813 -355261103.1360428 -46238836.39263947 15.62673202016977 8.421660683439741 -0.8078969498224722
53819712.865341365 378377913.7326636 -47120810.98169938 -4231302.191878172 3.933390777125681 17.46436650380738 0.3321909596969403
53491011.41871402 -317796604.6054887 -225023676.1879208 -13023178.87583826 13.25701600503736 -13.8090030234892 0.6593613542222778
53450720.51950434 -403542139.515366 121041906.5937792 -14437961.14925272 -2.886004752272464 -15.79396981653249 0.449357476633053
53729731.96959607 -390643600.6330218 140152002.906206 111141601.7569926 -5.804027093755526 -14.86424173106261 0.7774399755711929
53779560.21174125 -207967804.2653896 -373768039.5295721 10662382.8349548 15.05503381095698 -8.766538766648454 0.4215908492943545
53680929.21241041 -312237863.9874606 -354082393.7139143 55225880.43265711 10.92192720929841 -11.97444083706427 2.443580289236265
53649057.741920754 337552120.5172248 42971610.2977341 22414823.5590475 -4.44500359076087 19.16403912005329 -1.445136030188955
53445023.10425732 497771664.2807955 22823973.78140383 196015125.0789227 -3.754843960807485 13.86105895191336 3.519846622106725
54009189.81270559 -382482757.2621112 36011777.3351699 21710281.45271958 -0.6842159930530595 -16.91141560634043 0.7849041749664272
53527506.36029859 -456074454.2811229 138617005.4867066 22270351.18112338 -6.035963659610906 -14.44500500157799 -4.872252391172793
53779924.21242629 133349815.4274593 385533027.6419357 57065718.13614905 -15.18231348772346 8.571643381579108 3.055582809867071
53568423.40352302 242955005.3359001 174786995.4885435 -25334005.85282006 -13.60472569689874 18.27581322079052 2.133393271873611
53529384.49259915 -181319079.7670989 -388459968.6734678 -15336103.19527811 16.31183461885319 -7.345716382964266 -0.3518386521522849
53698365.201059885 -371752438.9317504 -239224577.2569913 52227102.44524965 11.05235087028114 -10.62453983370101 -3.550166902528171
53873148.13791194 319940520.330092 -378443441.847638 -5052727.908726633 10.61313123858237 11.63802573421568 -0.5100858127947401
53580997.73663371 161917991.3051089 -438378664.3411332 36067264.14123341 14.11747883094764 8.636250006540742 3.382480111759604
53735973.792576 -64658326.09889642 350547758.8728376 19290099.8438241 -18.45779981108544 -4.387869173626083 -2.069833920847103
53796428.72768666 -444069088.1111631 26492843.39446633 19341491.87434235 0.80627627396063 -16.52649257043735 -0.7454933543769888
53825342.16111524 -384285000.3723751 274615098.103531 -71219336.01934212 -9.220800261557942 -13.73315994173853 0.5721552280475892
53401758.283694774 138046821.9824877 -449047094.090432 -161741903.220935 11.92252115608743 3.815949755960618 -6.21994394252023
53750987.34727451 190446376.4020692 432510815.1137182 58600207.54523689 -15.09664040061897 6.786873229869226 -0.5343605816213568
53499980.45429946 352004920.7451822 193002575.4845651 -1367791.658302456 -5.653759177845005 16.57356436914617 3.997836183098452
53679610.85351939 -379250093.169867 46802688.08552308 93486169.93544699 -1.518046549704663 -19.70864089738965 1.272813381101882
53694909.65610009 218813394.3654686 302840090.2479957 -32012455.04521337 -14.52209320103253 9.693046211557702 0.1807812925240779
53905509.327755205 18410832.87846313 -440043095.5021998 -101045658.4339204 15.20470603557665 3.90009202446565 0.7180730186685056
53432746.19332579 223494752.2048588 283396858.2506263 26667459.66019316 -13.20778707812997 13.41342065718589 0.1747225672822976
53662073.23478323 -117645022.666707 433454803.1675578 33052346.50946549 -16.47191608413337 -4.965842871903992 0.4855172345912326
53846651.1797984 -79115549.56758194 -472044046.4143137 -63918835.19089589 15.58859274491798 -3.315736344491991 1.127181288242632
54003444.86436047 -376996799.9118052 -190453894.2301358 27321385.57829694 6.438362314903668 -14.05613745728344 -1.003712986658802
53585321.23588727 238128396.925135 309141534.5094806 -42875260.4380807 -14.11433593777691 12.06364136118991 -0.7681695860070037
53892267.554551974 -76905560.13126643 427420067.1778077 -60339565.8360378 -17.16726698560199 -1.847031246313538 -0.7325749038703762
53780926.25690849 449328679.1895774 -21889997.9410298 -22850112.30424223 -2.214871683656487 16.71273334534132 1.776179578729606
53605205.59255208 -252824826.0772541 -224547624.7075597 -73791478.43213476 13.12709429099986 -15.73299152155461 -0.5937207629823584
53581307.900267094 219578319.1381353 156428084.8458747 -13890841.15293004 -13.82357708439311 20.38294326923141 0.7661105453849038
53580561.16039022 206970679.7178391 -767214581.3265567 20659647.13660613 11.83357750551076 3.700806554821862 2.601646033814866
53914656.31668336 195168892.0085023 331241448.8811521 5000403.87355113 -13.04318424221423 12.35614963462187 -0.1564775124817475
53877511.80950509 -405581867.7331115 -226988513.7021726 -46022371.11153339 9.789264322105481 -11.1097212491261 -0.8869217288392583
53680245.95398247 496831049.6387333 229687305.6058091 -10846039.96113533 -6.462566275233223 12.78362765155467 1.68088328321639
1195900130049.5837 -756372975.9669355 2989639689.767222 -2123951264.613943 -1.607815879553594 6.859024240150409 -4.881781216934938
53569974.868479505 227049551.7508121 398695684.4632128 -22062660.42419203 -13.72429293712635 9.379305688877425 0.3395888861640612
53444310.71732329 -285915436.2137048 -217923227.4459482 12224724.19973877 12.16182487338041 -14.72788278529452 -1.969008543960503
53701262.60848246 -413206521.5111759 81810839.66885231 54882550.99857789 -4.816693865041591 -16.40722037130211 -0.06487599044904968
53631882.68214693 327260631.6836277 -26326851.25530923 -10354022.84103406 0.3718895675467639 21.63623207004032 -6.148123779982759
53669301.327079356 295089726.1975401 173332997.112176 83643763.38574637 -8.730424044715468 19.87069367798333 -1.298921481644006
53379170.21644352 -300353945.4875724 -180750077.4070924 16776797.22261163 11.75184692725375 -16.7566483558063 0.8416761248513653
53498028.92999776 -429610016.3307031 -232480585.1010743 39103162.40797973 8.185265844739291 -13.95837118953795 1.910283188740683
53708719.15783023 -151422801.4521094 458538896.0585829 95268776.27067327 -15.17256314424856 -3.10479427292935 -4.05627145360855
53404524.7883448 -135888789.8220292 -434463682.5124208 -39877555.8382864 14.89495903424007 -2.936778643619295 -3.805733915459686
53306059.83432738 -205498405.6243698 9666565.15564231 32643451.33875259 -4.660481290195038 -25.1109164286065 6.591817154162492
53612833.773066945 417285677.4079928 157319938.9990984 -45892647.58360614 -6.557617198610722 16.16222141673723 -2.38769907089681
53986604.71749286 311398023.2294111 126118232.1749554 -10228005.55507287 -4.852754714947935 20.52073872356388 0.2424602728447303
53852482.71934858 288143459.4404351 393030667.7835795 85104080.84916453 -12.04861339613265 11.47588939780835 -3.532436313564487
53727673.85371354 -149908482.6879687 -250158456.0248148 14192265.26658726 20.07715266921333 -11.33997655798112 0.08719328831759565
53934375.11961739 377593962.1057875 45085224.87974955 -2315122.675072795 -6.272585837543808 17.13127591458389 4.110916199338308
53331751.00409407 266679894.330199 -53585084.82850254 4457718.581778161 4.681958437748387 23.44830543664266 -0.6590930370454959
53954876.87020885 412594400.1814255 -176584150.355725 -19077247.93478324 7.299777742836544 14.58698229423649 0.6560949905478592
53687701.49465409 -183961876.2474738 -377355710.3074812 -41499614.89370534 14.80649093838346 -7.4855005236553 -4.260171034021576
53514461.60917761 335832715.112636 -183527668.3410986 64008362.94100042 7.835981228573036 16.13382293624476 -3.82116252737226
53670418.88581415 117798880.1968505 -426587704.9905549 -66494391.71889251 14.53239111063339 9.615712457351194 -3.063624678931025
53655617.49680947 -103163773.3243862 -320018041.6247105 10315433.77510597 18.4691927274299 -6.968699431941582 -3.554851186223526
53548181.96370328 -240974143.3040037 327768593.6427485 -1797914.075628772 -14.21394033553255 -7.793641091864483 -0.4422580348094658
53414814.56931139 -212704074.9428706 -382548594.3296386 -34406229.39137422 13.03744152356886 -8.165619645394479 -0.5977527875095534
53527068.35801838 28351712.00378209 -458514475.3727874 38796962.9015975 15.81348532699425 3.039906177721394 -0.874653929557786
53174463.26298741 184882941.9955565 -205054658.6660428 -54882851.44177025 13.52365978084067 15.05018949842043 -7.241381938518839
53916685.18347478 -145489010.4529727 -355789411.1317689 -11574865.55989559 16.89947357494681 -4.183981770838697 -1.739968011772248
54095788.33650802 258311790.4382458 -131408524.1060572 90795287.91650945 10.47173724870244 17.26205399771208 -3.686458591652032
53725399.078630894 -550361213.0364512 -42812492.38816606 -43255562.68066575 0.8137530178319269 -11.7457735904295 -0.7895108363399927
53444646.348028824 178188437.1823583 349902615.8238931 -27863602.05188572 -15.75290012562158 7.853661641297126 -4.500760657291011
53584430.77587085 -267323284.8565652 -305815618.548722 4754082.313350484 14.75538107447447 -12.34044341106197 0.1923741718517782
53790434.26133323 270510778.3332792 385086166.8296286 -182977.7572489977 -13.8065063363181 9.367444534396927 -0.3703090666241411
53701568.89073963 -267308725.048141 -330607005.8765792 -45633136.74583575 16.61938025719301 -6.934807558751412 -2.819872404638316
53731254.17094015 -387368017.9257656 -309800073.5867512 114960295.4742817 9.86064877904291 -10.06018443303346 6.048708269523655
53555266.676142946 -30674940.54748384 402439563.7698535 -43508209.50825647 -18.13703859494677 -0.5901037200709662 -0.09479415331642913
53525732.79110546 130417246.816265 -366236395.6968109 -23210907.70621416 17.40181050684865 6.330968273139249 -0.729364669822625
53814797.03620618 48996456.27712445 -293396475.2966844 8623439.65444614 22.48607770130706 5.902010161325036 0.8278446264318631
53382718.843178466 -391406811.2437904 -117806174.2733755 -19924589.8325808 7.08650835630005 -16.25750476619185 0.9990194620960349
53937940.79541015 132697956.4691312 -243714045.3571699 41556385.29160402 17.91310507270413 15.15222159900755 -2.389806313605365
53509589.82693905 80174289.51485012 346448414.3504165 -58344064.04149421 -17.41458484249985 8.004746579186392 -0.1863886776392913
53882228.882850096 202552110.1975903 -185396295.5055566 -25536310.99160874 18.02387941664103 16.03018975801415 -0.7972227108253049
53807050.09373972 370804840.6281877 -74529354.88552508 11311943.75395393 2.539353474990172 17.86772364808196 1.372634147047552
53939831.17303618 -162162284.2663352 -315072799.8988487 -1553365.624094054 14.43546654686355 -4.96548517811024 -0.9949005236234947
53265404.50168664 245775872.7460502 106452314.0235343 33669786.17091043 -9.698975251615952 19.41003043036227 -7.612040230281623
53873493.9494011 -264039981.3747071 210231258.2964336 40619455.00316091 -9.909533472560001 -17.12590186635546 0.6330879051755591
53977680.171337366 -210035502.5476333 352979807.457745 31819341.02071868 -15.19981113787424 -5.663661013420964 -0.191493424323085
53782452.15584887 -95798550.42712572 248034017.3845157 -77225161.2125239 -20.21267397813435 -7.317218403724786 -5.111871787825681
53635141.88532763 227892353.5154852 -295807928.3837132 8225016.883888826 15.95577923195896 9.197266639429273 0.9840793426779131
53843998.69011904 231205173.117916 354816601.8308451 -48238764.35946287 -11.27736864332945 10.97343965699616 3.011485097986061
53710928.78296098 -259906751.5179561 -349692166.8676114 -18795748.19137633 15.55620405705461 -6.555391915116614 2.44891379304147
53352288.968439944 -181837967.6845257 -354066388.0830077 17616541.52987494 14.93547626667318 -8.454987376039554 -1.943412777286337
53669464.34476753 448790816.4541061 122349883.80038 63099363.6834912 -3.460596607208076 16.51153643451583 0.1928709666524266
53708992.23645001 -387678145.4768929 194622797.1578276 -30601542.29900759 -12.1157197146807 -12.52927387537649 4.463407494465752
53888310.74593682 6455176.733232261 -471531974.5649108 -16884963.55553097 15.40903389479284 -0.4198476584143641 0.3933074688485574
53513674.62707856 -421867665.103045 271190909.3756934 -61864793.85111999 -8.596633572631813 -10.99543960888874 -0.1283660405189724
53636951.97481924 -312753977.1260752 354771617.6436174 52640081.48808874 -12.64708976151282 -10.75378670594509 -2.985154250396674
53836572.39061099 -364415193.1210346 263606969.1587339 73217996.83319686 -14.05144796526823 -9.962076197920394 -2.156424161036758
53987083.02755713 -411633284.0789694 -51388720.14919904 -4240100.813059255 2.085808648993871 -15.8942197946035 -0.6381776155341221
53721381.44752386 -224677033.899706 386437534.8131639 63580197.2314899 -14.22451413036276 -6.255974124540231 -2.540435553874376
53892289.855454795 -366103104.6983722 319128734.4367615 23377338.23922843 -11.33738049208688 -11.17587880138623 -2.82000863312609
53399170.337792285 132716237.556624 264415366.3312314 -14129936.90628265 -19.92632612049368 10.50981851771516 2.196873655155691
53474352.075045854 -408318355.8835658 101186970.6177958 -1129379.444592468 -2.973332957481162 -17.89634340396587 0.5788411337395312
53727677.57069662 172960087.8093941 359788151.9470364 -21297614.81868787 -17.57291560748322 6.193741911976993 -1.07225524663377
53797502.64792464 -371061476.5996273 138418331.5956248 -20794488.26233992 -5.394186230200633 -15.60362345227728 -0.5535240903989997
53502007.04190433 -110049620.4650545 -98672708.94500715 6161305.018934343 26.96581511943598 -23.12668070166045 -3.053963163272035
53480957.6436582 420636586.3670281 -136374092.8637229 38586581.23631644 6.629589754689192 14.99416227160816 -1.797040196827905
53569753.46383888 -140782477.667727 -784567630.0291889 202581703.6528377 9.642157467596643 -2.994190599478567 -0.4513974780538246
53489647.71814492 -403302191.5711924 172060910.2327879 -143798915.5914679 -1.882267420213765 -16.5078176984497 -4.288815851175315
53666506.639573574 -156000389.9327554 497885379.3954425 -102230742.8187163 -14.41212391037389 -1.194388444187854 -2.642258498131091
53682218.47503151 253143277.8544688 379761763.8157553 -60656919.39339902 -12.91106795288722 11.31888559266514 2.713620041615462
53530158.50013297 353861139.6770135 -181875501.4490832 -25305025.43333327 7.698369418763144 16.88132104432056 -1.671114739241301
53903303.71767928 254178527.1103337 -392840907.6956877 4425806.124902815 10.04908968864203 11.10436893564551 1.470169239384253
53467586.14997545 -488807835.6229713 122975524.1419754 59132285.49135558 -1.498932141341897 -14.90196102521946 3.570918576727016
53922319.42205109 -92515257.51681055 -456928117.8185169 -17410633.36421666 15.66730497969542 -2.282342787381395 0.6282434318243075
53775321.126211636 -321312327.6421069 343896120.4534459 -61126034.71571118 -11.45900980587354 -8.965731298086165 -1.868734474387582
53854161.01658637 -395235019.5165364 177222096.6883393 -4575337.354209371 -7.76234759634723 -14.89390528104376 -1.579958589203962
53557965.68160287 352575261.2615568 -186897007.4504164 -36606442.72894069 9.855011777716083 15.40555469775078 -2.859136349400443
53765964.866982765 -286041488.293256 105528007.8215736 33191932.95721974 -9.497880199669837 -19.54686690457553 0.0501951532276701
53778284.845928796 308950619.6104106 168623762.6221321 128426061.5233648 -10.36136595195948 16.17427807673706 2.482545460017939
53508104.48303933 441391200.7198783 -123671156.7998111 -644192.8953365535 6.675399446801631 15.6519623561664 -0.5372168033813391
53739459.42777272 -227165346.066922 -294639043.637808 201694761.2633002 16.45429424672003 -8.857934015205444 -1.001784222567465
53469888.758181594 -268723628.742497 -271637294.8406793 -2805929.8197207 11.09163831112216 -15.01877785698548 -1.218006253201321
53592291.484135255 -331888924.1195876 -108902952.4233316 1909015.682329834 2.590384908711453 -18.90741417392398 1.170234258034887
53774215.91696869 -205639993.1534667 385772869.1398422 73476999.9346951 -15.68243413383127 -7.517648888664484 -0.1091019826625641
53994294.54443777 328247515.3619356 203091811.1219055 73253601.15394434 -6.75840989053944 16.79674444682374 -0.6838645870488174